# Benchmark Scans (n = 4,194,304, m = 2)
# Speedup compared to a sequential implementation.
# NCPU	Outer parallelism	Inner parallelism	Multi-atomics 64 32	WorkAssisting 32
1	1.1515491	1.2913584	1.2695438	1.2397351
2	1.657971	1.3115923	1.6291139	1.5740713
3	1.6188679	1.5156779	1.251489	0.79377073
4	1.6057392	1.6181047	1.1824968	0.7817768
6	1.6216727	1.702944	1.1243857	0.7768221
8	1.581081	1.71229	1.0798112	0.7949965
10	1.5654553	1.6853822	1.0539461	0.8549365
12	1.5545825	1.6771461	1.0702703	0.98923904
14	1.4893678	1.6329896	0.8528827	0.88965696
16	1.4637475	1.6366237	0.8261253	0.853024
20	1.4197463	1.5918367	0.74787533	0.9007874
24	1.3381855	1.5774475	0.7291785	0.8806021
28	1.2866783	1.5190321	0.716393	0.87003547
32	1.2963989	1.436384	0.8053187	0.820137
